image: race_track.pgm
resolution: 0.050000
origin: [-39.024998, -35.024998, 0.000000]
negate: 0
occupied_thresh: 0.65
free_thresh: 0.196

